1.8096749
3.5407135
5.1070223
6.5242767
7.8066616
8.967011
10.016939
10.966953
11.826561
12.604366
13.308154
13.944967
14.52118
15.042559
15.514321
15.94119
16.327436
16.676928
16.99316
17.279299
17.538208
17.772478
17.984455
18.17626
18.349812
18.506847
18.64894
18.77751
18.893845
18.99911
19.094357
18.228914
17.44583
16.737265
16.096128
15.5160055
14.991088
14.516123
14.086357
13.697489
13.345626
13.027247
12.739167
12.478501
12.2426405
12.029225
11.836119
11.661389
11.503287
11.36023
11.230787
11.113663
11.007684
10.91179
11.776648
12.559203
13.267288
13.90799
14.487721
15.012284
15.486928
15.916404
16.30501
16.656635
16.974798
17.262684
17.523174
17.758875
17.972147
18.165123
18.339735
18.49773
18.64069
18.770046
18.887093
18.993
19.088829
18.223913
17.441305
16.733171
16.092426
15.512655
14.988057
14.513381
14.083876
13.695244
13.343595
13.02541
12.737504
12.476996
12.241279
12.027993
11.835004
11.66038
11.502375
11.359405
11.230041
11.112987
11.0070715
10.911236
11.776146
12.558749
13.266878
13.907619
14.487386
15.01198
15.486653
15.916155
16.304785
16.656431
16.974613
17.262516
17.523022
17.758738
17.972021
18.165009
18.33963
18.497635
18.640604
18.769968
18.88702
18.992933
19.088768
18.223858
17.441254
16.733126
16.092384
15.512617
14.988022
14.513349
14.083847
13.695218
13.343572
13.025389
12.737485
12.476979
12.241263
12.027979
11.834991
11.660369
11.502364
11.359395
11.230031
11.112978
11.007064
10.911229
11.77614
12.558744
13.266873
13.907615
14.487382
15.011977
15.48665
15.916152
16.304781
16.656427
16.974611
17.262516
17.523022
17.758738
17.972021
18.165009
18.33963
18.497635
18.640604
18.769968
18.88702
18.992933
19.088768
18.223858
17.441254
16.733126
16.092384
15.512617
14.988022
14.513349
14.083847
13.695218
13.343572
13.025389
12.737485
12.476979
12.241263
12.027979
11.834991
11.660369
11.502364
11.359395
11.230031
11.112978
11.007064
10.911229
11.77614
12.558744
13.266873
13.907615
14.487382
15.011977
15.48665
15.916152
16.304781
16.656427
16.974611
17.262516
17.523022
17.758738
17.972021
18.165009
18.33963
18.497635
18.640604
18.769968
18.88702
18.992933
19.088768
18.223858
17.441254
16.733126
16.092384
15.512617
14.988022
14.513349
14.083847
13.695218
13.343572
13.025389
12.737485
12.476979
12.241263
12.027979
11.834991
11.660369
11.502364
11.359395
11.230031
11.112978
11.007064
10.911229
11.77614
12.558744
13.266873
13.907615
14.487382
15.011977
15.48665
15.916152
16.304781
16.656427
16.974611
17.262516
17.523022
17.758738
17.972021
18.165009
18.33963
18.497635
18.640604
18.769968
18.88702
18.992933
19.088768
18.223858
17.441254
16.733126
16.092384
15.512617
14.988022
14.513349
14.083847
13.695218
13.343572
13.025389
12.737485
12.476979
12.241263
12.027979
11.834991
11.660369
11.502364
11.359395
11.230031
11.112978
11.007064
10.911229
11.77614
12.558744
13.266873
13.907615
14.487382
15.011977
15.48665
15.916152
16.304781
16.656427
16.974611
17.262516
17.523022
17.758738
17.972021
18.165009
18.33963
18.497635
18.640604
18.769968
18.88702
18.992933
19.088768
18.223858
17.441254
16.733126
16.092384
15.512617
14.988022
14.513349
14.083847
13.695218
13.343572
13.025389
12.737485
12.476979
12.241263
12.027979
11.834991
11.660369
11.502364
11.359395
11.230031
11.112978
11.007064
10.911229
11.77614
12.558744
13.266873
13.907615
14.487382
15.011977
15.48665
15.916152
16.304781
16.656427
16.974611
17.262516
17.523022
17.758738
17.972021
18.165009
18.33963
18.497635
18.640604
18.769968
18.88702
18.992933
19.088768
18.223858
17.441254
16.733126
16.092384
15.512617
14.988022
14.513349
14.083847
13.695218
13.343572
13.025389
12.737485
12.476979
12.241263
12.027979
11.834991
11.660369
11.502364
11.359395
11.230031
11.112978
11.007064
10.911229
11.77614
12.558744
13.266873
13.907615
14.487382
15.011977
15.48665
15.916152
16.304781
16.656427
16.974611
17.262516
17.523022
17.758738
17.972021
18.165009
18.33963
18.497635
18.640604
18.769968
18.88702
18.992933
19.088768
18.223858
17.441254
16.733126
16.092384
15.512617
14.988022
14.513349
14.083847
13.695218
13.343572
13.025389
12.737485
12.476979
12.241263
12.027979
11.834991
11.660369
11.502364
11.359395
11.230031
11.112978
11.007064
10.911229
11.77614
12.558744
13.266873
13.907615
14.487382
15.011977
15.48665
15.916152
16.304781
16.656427
16.974611
17.262516
17.523022
17.758738
17.972021
18.165009
18.33963
18.497635
18.640604
18.769968
18.88702
18.992933
19.088768
18.223858
17.441254
16.733126
16.092384
15.512617
14.988022
14.513349
14.083847
13.695218
13.343572
13.025389
12.737485
12.476979
12.241263
12.027979
11.834991
11.660369
11.502364
11.359395
11.230031
11.112978
11.007064
10.911229
11.77614
12.558744
13.266873
13.907615
14.487382
15.011977
15.48665
15.916152
16.304781
16.656427
16.974611
17.262516
17.523022
17.758738
17.972021
18.165009
18.33963
18.497635
18.640604
18.769968
18.88702
18.992933
19.088768
18.223858
17.441254
16.733126
16.092384
15.512617
14.988022
14.513349
14.083847
13.695218
