31.70605
30.46284
29.268373
28.120745
27.018114
25.95872
24.940863
23.962917
23.023317
22.12056
21.2532
20.419851
19.619177
18.849897
18.110783
17.400648
16.718359
16.062822
15.43299
14.827854
14.246446
13.687835
13.151127
12.635464
12.14002
11.664003
11.206652
10.767233
10.345044
9.939409
9.54968
9.175232
8.815466
8.469807
8.137701
7.8186173
7.512045
7.2174935
6.9344916
6.662586
6.4013424
6.150342
5.9091835
9.598534
13.143226
16.54893
19.82109
22.96495
25.985538
28.887684
31.676033
34.355053
36.92903
39.40208
41.77816
44.06107
46.254467
48.36186
50.38662
52.33199
54.20108
55.996883
57.72227
59.380005
60.972736
62.503017
63.973293
65.38592
66.74316
68.04717
69.300064
70.50382
71.660385
72.7716
73.83924
74.86502
75.85058
76.79749
77.707275
78.58138
79.42122
80.22813
81.003395
81.74826
82.46392
83.15152
83.81216
84.44689
85.05674
85.64267
86.20563
86.74651
87.26619
87.76549
88.24521
88.70612
89.148964
89.57444
89.98323
90.37599
90.75336
91.11592
91.46427
91.798965
92.12053
92.42949
92.72633
93.011536
93.28556
93.548836
93.80179
94.04482
94.27833
94.50268
94.71823
94.92533
95.12431
95.31549
95.499176
95.67566
95.84522
96.00813
96.16466
96.31504
96.45953
96.59836
96.731735
96.859886
96.98301
97.10131
97.21497
97.32417
97.42909
97.5299
97.626755
97.71981
97.80922
97.89512
97.97765
98.05695
98.13314
98.206345
98.27667
98.344246
98.40917
98.47155
98.53148
98.58906
98.64438
98.69753
98.748604
98.79767
98.84481
98.89011
98.933624
98.97544
99.01562
95.329216
91.78735
88.38438
85.11483
81.97348
78.95531
76.05548
73.269356
70.592476
68.02056
65.54949
63.175312
60.894226
58.702583
56.596874
54.57373
52.629917
50.76232
48.967957
47.24395
45.58754
43.99608
42.467022
40.997917
39.58642
38.230267
36.927288
35.6754
34.4726
33.316963
32.20664
31.13985
30.114893
29.130123
28.183968
27.274912
26.4015
25.562336
24.756075
23.981428
23.237156
22.522066
21.835016
21.174906
20.540678
19.93132
19.345856
18.783346
18.242893
17.723633
17.224731
16.745394
16.284851
15.842366
15.417231
15.008765
14.616316
14.239255
13.876979
13.528908
13.194485
12.873175
12.564463
12.267856
11.982879
11.709076
11.44601
11.193258
10.9504175
10.717098
10.492928
10.277547
10.070611
9.87179
9.680764
9.497229
9.320889
9.151465
8.988684
8.832285
8.682019
8.537645
8.398932
8.265658
8.13761
8.014583
7.896379
7.78281
7.6736946
7.5688577
7.4681315
7.3713546
7.2783723
7.189036
7.1032023
7.020735
6.9415007
6.865373
6.7922306
6.7219563
6.6544375
6.589566
6.5272384
6.4673543
6.4098186
6.354539
6.301427
6.250397
6.2013683
6.154262
6.1090026
6.065518
6.0237384
5.983597
9.6700325
13.211918
16.614923
19.884497
23.025873
26.04407
28.94392
31.730072
34.406975
36.978912
39.450005
41.824203
44.10531
46.29697
48.402695
50.425854
52.369682
54.237293
56.031673
57.755695
59.412117
61.00359
62.53266
64.00178
65.413284
66.76945
68.07243
69.32433
70.527145
71.68279
72.79313
73.859924
74.88489
75.86967
76.815834
77.7249
78.59832
79.43749
80.24376
81.01841
81.76269
82.47778
83.16484
83.82496
84.45919
85.06856
85.65403
86.216545
86.757
87.27627
87.77517
88.25451
88.71506
89.15755
89.58269
89.99116
90.38361
90.76068
91.12296
91.47104
91.805466
92.12678
92.43549
92.7321
93.01708
93.290886
93.553955
93.80671
94.04955
94.282875
94.50705
94.722435
94.929375
95.1282
95.31922
95.502754
95.67909
95.84852
96.0113
96.1677
96.31797
96.46234
96.60105
96.73433
96.86238
96.985405
97.10361
97.21718
97.326294
97.43113
97.53185
97.62863
97.72161
97.81095
97.89678
97.97925
98.05848
98.134605
98.20775
98.27802
98.34554
98.410416
98.47275
98.53263
98.590164
98.64545
98.69856
98.749596
98.79862
98.845726
98.89098
98.93447
98.97625
99.01639
95.329956
91.78807
88.38506
85.115486
81.97411
78.95592
76.05606
73.26991
70.59301
68.02107
65.54998
63.17578
60.894676
58.703014
56.59729
54.57413
52.630302
50.76269
48.96831
47.24429
45.587868
43.996395
42.467323
40.998207
39.586697
38.230534
36.927547
35.67565
34.472843
33.317196
32.206863
31.140066
30.115099
29.130322
28.184158
27.275095
26.401676
25.562504
24.756237
23.981585
23.237307
22.522211
21.835155
21.17504
20.540808
19.931444
19.345974
18.78346
18.243004
17.723738
17.224833
16.74549
16.284943
15.842454
15.4173155
15.008846
14.616394
14.23933
13.877051
13.528977
13.194551
12.873239
12.564525
12.267916
11.982937
11.709132
11.446063
11.193309
10.950466
10.717145
10.492972
10.27759
10.070653
9.87183
9.680802
9.497266
9.320926
9.1515
8.988717
8.832317
8.68205
8.537675
8.398961
8.265686
8.137636
8.014607
7.896403
7.782833
7.6737165
7.5688787
7.4681516
7.371374
7.2783914
7.1890545
7.1032205
7.020752
6.9415174
6.8653893
6.7922463
6.7219715
6.654452
6.58958
6.5272517
6.467367
6.409831
6.354551
6.3014383
6.250408
6.201379
6.154272
6.1090126
6.0655274
6.0237474
5.983606
9.67004
