69.59212
56.977207
46.64899
38.192963
31.269753
25.601507
20.960741
17.161203
14.050405
11.503498
9.418267
7.711025
6.3132534
5.1688547
4.2319
3.4647868
2.8367274
2.322516
1.9015152
1.556829
1.2746238
1.0435736
0.8544058
23.901995
42.77176
58.22102
70.869804
81.22575
89.70448
96.646286
102.32975
106.98298
110.79272
113.911865
116.465614
118.55644
120.26827
121.6698
122.81727
123.75674
124.52591
125.155655
125.67125
126.09338
126.438995
126.721954
126.95362
127.143295
104.09612
85.2267
69.77772
57.12916
46.773403
38.294823
31.35315
25.669788
21.016645
17.206974
14.087879
11.53418
9.443388
7.731592
6.3300924
5.1826415
4.243188
3.4740283
2.8442938
2.3287108
1.9065871
1.5609815
1.2780236
1.0463573
0.85668486
23.903856
42.773285
58.222267
70.87083
81.226585
89.70517
96.64684
102.33021
106.98335
110.79302
113.91212
116.46582
118.55661
120.26841
121.66991
122.81736
123.75681
124.52597
125.15571
125.67129
126.093414
126.43902
126.72198
126.95364
127.14332
104.096146
85.226715
69.77773
57.129177
46.773415
38.294834
31.353159
25.669796
21.016651
17.206978
14.087882
11.534183
9.44339
7.7315936
6.3300934
5.182642
4.2431884
3.4740288
2.8442943
2.3287113
1.9065875
1.5609818
1.2780237
1.0463573
0.85668486
23.903856
42.773285
58.222267
70.87083
81.226585
89.70517
96.64684
102.33021
106.98335
110.79302
113.91212
116.46582
118.55661
120.26841
121.66991
122.81736
123.75681
124.52597
125.15571
125.67129
126.093414
126.43902
126.72198
126.95364
127.14332
104.096146
85.226715
69.77773
57.129177
46.773415
38.294834
31.353159
25.669796
21.016651
17.206978
14.087882
11.534183
9.44339
7.7315936
6.3300934
5.182642
4.2431884
3.4740288
2.8442943
2.3287113
1.9065875
1.5609818
1.2780237
1.0463573
0.85668486
23.903856
42.773285
58.222267
70.87083
81.226585
89.70517
96.64684
102.33021
106.98335
110.79302
113.91212
116.46582
118.55661
120.26841
121.66991
122.81736
123.75681
124.52597
125.15571
125.67129
126.093414
126.43902
126.72198
126.95364
127.14332
104.096146
85.226715
69.77773
57.129177
46.773415
38.294834
31.353159
25.669796
21.016651
17.206978
14.087882
11.534183
9.44339
7.7315936
6.3300934
5.182642
4.2431884
3.4740288
2.8442943
2.3287113
1.9065875
1.5609818
1.2780237
1.0463573
0.85668486
23.903856
42.773285
58.222267
70.87083
81.226585
89.70517
96.64684
102.33021
106.98335
110.79302
113.91212
116.46582
118.55661
120.26841
121.66991
122.81736
123.75681
124.52597
125.15571
125.67129
126.093414
126.43902
126.72198
126.95364
127.14332
104.096146
85.226715
69.77773
57.129177
46.773415
38.294834
31.353159
25.669796
21.016651
17.206978
14.087882
11.534183
9.44339
7.7315936
6.3300934
5.182642
4.2431884
3.4740288
2.8442943
2.3287113
1.9065875
1.5609818
1.2780237
1.0463573
0.85668486
23.903856
42.773285
58.222267
70.87083
81.226585
89.70517
96.64684
102.33021
106.98335
110.79302
113.91212
116.46582
118.55661
120.26841
121.66991
122.81736
123.75681
124.52597
125.15571
125.67129
126.093414
126.43902
126.72198
126.95364
127.14332
104.096146
85.226715
69.77773
57.129177
46.773415
38.294834
31.353159
25.669796
21.016651
17.206978
14.087882
11.534183
9.44339
7.7315936
6.3300934
5.182642
4.2431884
3.4740288
2.8442943
2.3287113
1.9065875
1.5609818
1.2780237
1.0463573
0.85668486
23.903856
42.773285
58.222267
70.87083
81.226585
89.70517
96.64684
102.33021
106.98335
110.79302
113.91212
116.46582
118.55661
120.26841
121.66991
122.81736
123.75681
124.52597
125.15571
125.67129
126.093414
126.43902
126.72198
126.95364
127.14332
104.096146
85.226715
69.77773
57.129177
46.773415
38.294834
31.353159
25.669796
21.016651
17.206978
14.087882
11.534183
9.44339
7.7315936
6.3300934
5.182642
4.2431884
3.4740288
2.8442943
2.3287113
1.9065875
1.5609818
1.2780237
1.0463573
0.85668486
23.903856
42.773285
58.222267
70.87083
81.226585
89.70517
96.64684
102.33021
106.98335
110.79302
113.91212
116.46582
118.55661
120.26841
121.66991
122.81736
123.75681
124.52597
125.15571
125.67129
126.093414
126.43902
126.72198
126.95364
127.14332
104.096146
85.226715
69.77773
57.129177
46.773415
38.294834
31.353159
25.669796
21.016651
17.206978
14.087882
11.534183
9.44339
7.7315936
6.3300934
5.182642
4.2431884
3.4740288
2.8442943
2.3287113
1.9065875
1.5609818
1.2780237
1.0463573
0.85668486
23.903856
42.773285
58.222267
70.87083
81.226585
89.70517
96.64684
102.33021
106.98335
110.79302
113.91212
116.46582
118.55661
120.26841
121.66991
122.81736
123.75681
124.52597
125.15571
125.67129
126.093414
126.43902
126.72198
126.95364
127.14332
104.096146
85.226715
69.77773
57.129177
46.773415
38.294834
31.353159
25.669796
21.016651
17.206978
14.087882
11.534183
9.44339
7.7315936
6.3300934
5.182642
4.2431884
3.4740288
2.8442943
2.3287113
1.9065875
1.5609818
1.2780237
1.0463573
0.85668486
23.903856
42.773285
58.222267
70.87083
81.226585
89.70517
96.64684
102.33021
106.98335
110.79302
113.91212
116.46582
118.55661
120.26841
121.66991
122.81736
123.75681
124.52597
125.15571
125.67129
126.093414
126.43902
126.72198
126.95364
127.14332
104.096146
85.226715
