22.620935
20.46827
18.520456
16.758001
15.163266
13.72029
12.414632
16.467165
20.134047
23.451982
26.454174
29.170668
31.628654
33.852734
35.86516
37.68608
39.333717
40.824562
42.173534
43.394135
44.498577
45.49792
46.402164
47.220356
47.960686
48.630566
49.2367
49.78515
50.281406
50.73044
51.13674
51.50438
51.837032
52.138027
52.41038
52.656815
52.8798
53.081562
53.264126
53.429317
53.57879
53.714035
53.83641
53.94714
54.047333
50.046
46.425446
43.14943
40.18517
37.502995
35.076065
32.88009
30.893085
29.095171
27.46835
25.996342
24.664413
23.459234
22.368744
21.382027
20.489208
19.681353
18.950375
18.28896
17.690485
17.148964
16.658976
16.215616
15.814447
15.451455
15.123006
14.825812
14.556901
14.31358
14.093413
13.894198
13.713942
13.550838
13.403256
13.269719
13.14889
13.039558
12.940631
16.94311
20.5647
23.84165
26.806759
29.4897
31.917326
34.113934
36.101505
37.899937
39.52722
40.999653
42.331963
43.537487
44.62829
45.615288
46.50836
47.31645
48.047634
48.70924
49.307884
49.84956
50.339687
50.783176
51.18446
51.547558
51.876102
52.17338
52.44237
52.68576
52.90599
53.105263
53.285572
53.448723
53.596348
53.729923
53.85079
53.96015
54.059105
50.056652
46.43508
43.15815
40.193058
37.510136
35.082523
32.88593
30.89837
29.099953
27.472677
26.000257
24.667957
23.462442
22.371647
21.384655
20.491587
19.683506
18.952324
18.290722
17.692081
17.150408
16.660282
16.216797
15.8155155
15.452421
15.123879
14.826603
14.557616
14.314227
14.093999
13.894729
13.714421
13.551272
13.403649
13.270075
13.149211
13.039849
12.940894
16.943348
20.564917
23.84185
26.80694
29.489864
31.917475
34.114067
36.101627
37.900043
39.52732
40.99974
42.332043
43.53756
44.628353
45.615345
46.50841
47.316494
48.047676
48.70928
49.30792
49.84959
50.339718
50.783203
51.184483
51.547577
51.876118
52.173393
52.44238
52.68577
52.906
53.10527
53.285576
53.448727
53.59635
53.729927
53.850792
53.96015
54.059105
50.056652
46.43508
43.15815
40.193058
37.510136
35.082523
32.88593
30.89837
29.099953
27.472677
26.000257
24.667957
23.462442
22.371647
21.384655
20.491587
19.683506
18.952324
18.290722
17.692081
17.150408
16.660282
16.216797
15.8155155
15.452421
15.123879
14.826603
14.557616
14.314227
14.093999
13.894729
13.714421
13.551272
13.403649
13.270075
13.149211
13.039849
12.940894
16.943348
20.564917
23.84185
26.80694
29.489864
31.917475
34.114067
36.101627
37.900043
39.52732
40.99974
42.332043
43.53756
44.628353
45.615345
46.50841
47.316494
48.047676
48.70928
49.30792
49.84959
50.339718
50.783203
51.184483
51.547577
51.876118
52.173393
52.44238
52.68577
52.906
53.10527
53.285576
53.448727
53.59635
53.729927
53.850792
53.96015
54.059105
50.056652
46.43508
43.15815
40.193058
37.510136
35.082523
32.88593
30.89837
29.099953
27.472677
26.000257
24.667957
23.462442
22.371647
21.384655
20.491587
19.683506
18.952324
18.290722
17.692081
17.150408
16.660282
16.216797
15.8155155
15.452421
15.123879
14.826603
14.557616
14.314227
14.093999
13.894729
13.714421
13.551272
13.403649
13.270075
13.149211
13.039849
12.940894
16.943348
20.564917
23.84185
26.80694
29.489864
31.917475
34.114067
36.101627
37.900043
39.52732
40.99974
42.332043
43.53756
44.628353
45.615345
46.50841
47.316494
48.047676
48.70928
49.30792
49.84959
50.339718
50.783203
51.184483
51.547577
51.876118
52.173393
52.44238
52.68577
52.906
53.10527
53.285576
53.448727
53.59635
53.729927
53.850792
53.96015
54.059105
50.056652
46.43508
43.15815
40.193058
37.510136
35.082523
32.88593
30.89837
29.099953
27.472677
26.000257
24.667957
23.462442
22.371647
21.384655
20.491587
19.683506
18.952324
18.290722
17.692081
17.150408
16.660282
16.216797
15.8155155
15.452421
15.123879
14.826603
14.557616
14.314227
14.093999
13.894729
13.714421
13.551272
13.403649
13.270075
13.149211
13.039849
12.940894
16.943348
20.564917
23.84185
26.80694
29.489864
31.917475
34.114067
36.101627
37.900043
39.52732
40.99974
42.332043
43.53756
44.628353
45.615345
46.50841
47.316494
48.047676
48.70928
49.30792
49.84959
50.339718
50.783203
51.184483
51.547577
51.876118
52.173393
52.44238
52.68577
52.906
53.10527
53.285576
53.448727
53.59635
53.729927
53.850792
53.96015
54.059105
50.056652
46.43508
43.15815
40.193058
37.510136
35.082523
32.88593
30.89837
29.099953
27.472677
26.000257
24.667957
23.462442
22.371647
21.384655
20.491587
19.683506
18.952324
18.290722
17.692081
17.150408
16.660282
16.216797
15.8155155
15.452421
15.123879
14.826603
14.557616
14.314227
14.093999
13.894729
13.714421
13.551272
13.403649
13.270075
13.149211
13.039849
12.940894
16.943348
20.564917
23.84185
26.80694
29.489864
31.917475
34.114067
36.101627
37.900043
39.52732
40.99974
42.332043
43.53756
44.628353
45.615345
46.50841
47.316494
48.047676
48.70928
49.30792
49.84959
50.339718
50.783203
51.184483
51.547577
51.876118
52.173393
52.44238
52.68577
52.906
53.10527
53.285576
53.448727
53.59635
53.729927
53.850792
53.96015
