19.215788
18.462326
17.738407
17.042873
16.374613
15.732555
15.115673
14.522979
13.953525
13.406399
12.880727
12.375667
11.890409
11.42418
10.976232
10.545847
10.132339
9.735044
9.353327
8.986578
8.63421
8.295657
7.97038
7.657857
7.3575883
7.069093
6.79191
6.5255957
6.2697234
6.023884
5.787684
5.5607457
5.3427057
5.1332154
4.931939
4.738555
4.5527534
4.3742375
4.202721
4.03793
3.8796005
3.7274792
3.5813227
3.440897
3.3059776
3.1763484
3.0518022
2.9321394
2.8171685
2.7067058
2.6005743
2.4986043
2.4006326
2.3065026
2.2160633
2.1291702
2.0456843
1.9654719
1.8884046
1.8143592
1.7432171
1.6748646
1.6091923
1.5460949
1.4854716
1.4272255
1.3712631
1.3174951
1.2658354
1.2162013
1.1685134
1.1226953
1.0786738
1.0363784
0.9957414
5.6619663
10.145223
14.452693
18.591259
22.567556
26.38794
30.058521
33.585175
36.97355
40.22906
43.35693
46.362152
49.249535
52.0237
54.689087
57.249966
59.71043
62.074417
64.34571
66.52795
68.62462
70.63908
72.57455
74.43413
76.220795
77.9374
79.5867
81.171326
82.69382
84.15662
85.56206
86.91239
88.20978
89.45629
90.65393
91.8046
92.910164
93.972374
94.992935
95.97347
96.915565
97.82072
98.69038
99.52594
100.32874
101.10007
101.84114
102.55316
103.23726
103.89454
104.52605
105.13279
105.715744
106.27584
106.81397
107.331
107.82776
108.30504
108.7636
109.204185
109.627495
110.03421
110.42497
110.800415
111.16113
111.50771
111.8407
112.16063
112.46802
112.76335
113.047104
113.31973
113.58167
113.833336
114.075134
114.30745
114.530655
114.74511
114.95116
115.149124
115.33933
115.52208
115.69766
115.866356
116.028435
116.18416
116.33378
116.47753
116.61565
116.74835
116.875854
116.99835
117.11605
117.22913
117.33778
117.44217
117.542465
117.638824
117.73141
117.82036
117.90582
117.98794
118.06683
118.14263
118.21546
118.28543
118.35266
118.41725
118.47931
118.53893
118.59622
118.65127
118.704155
118.75497
118.80379
118.85069
118.89576
118.93906
118.98066
119.02063
114.35377
109.869896
105.56184
101.4227
97.44586
93.624954
89.953865
86.42673
83.03789
79.78193
76.65363
73.648
70.76022
67.98567
65.319916
62.758686
60.297882
57.933567
55.66196
53.479424
51.382465
49.36773
47.43199
45.572155
43.785244
42.0684
40.418877
38.83403
37.311325
35.848328
34.442696
33.09218
31.794615
30.54793
29.350128
28.199293
27.093582
26.031227
25.010529
24.029852
23.087627
22.182348
21.312567
20.476889
19.673979
18.902552
18.161371
17.449253
16.765059
16.10769
15.476099
14.869272
14.28624
13.7260685
13.187861
12.670758
12.173931
11.696585
11.237955
10.797309
10.37394
9.967173
9.576354
9.20086
8.840089
8.493464
8.160431
7.840456
7.533027
7.237653
6.9538603
6.6811957
6.4192224
6.167521
5.925689
5.69334
5.470101
5.255615
5.0495396
4.8515444
4.6613126
4.47854
4.3029337
4.1342134
3.9721086
3.81636
3.6667185
3.5229445
3.3848078
3.2520876
3.1245713
3.0020552
2.884343
2.7712462
2.662584
2.5581827
2.457875
2.3615003
2.2689044
2.1799395
2.0944629
2.012338
1.933433
1.857622
1.7847836
1.7148012
1.6475629
1.582961
1.5208921
1.4612571
1.4039603
1.3489103
1.2960188
1.2452012
1.1963762
1.1494657
1.1043944
1.0610905
1.0194845
0.97950995
5.6463675
10.1302395
14.438296
18.577427
22.554258
26.375162
30.046242
33.57338
36.962215
40.218178
43.346466
46.352093
49.239872
52.014412
54.680164
57.241386
59.702187
62.066498
64.338104
66.52064
68.61759
70.632324
72.56806
74.427895
76.214806
77.93165
79.58117
81.166016
82.68872
84.15172
85.55735
86.90787
88.20543
89.45211
90.64991
91.80074
92.90645
93.9688
94.9895
95.97018
96.9124
97.81768
98.68746
99.52314
100.32605
101.09747
101.83865
102.55077
103.23497
103.892334
104.523926
105.13075
105.71378
106.27396
106.812164
107.32927
107.826096
108.303444
108.76207
109.20271
109.62608
110.03285
110.42367
110.799164
111.159935
111.50656
111.83959
112.15957
112.466995
112.76237
113.04616
113.318825
113.580795
113.8325
114.074326
114.30667
114.52991
114.74439
114.95047
115.14847
115.3387
115.52147
115.697075
115.86579
116.02789
116.18364
116.33328
116.47706
116.6152
116.74792
116.875435
116.99795
117.11566
117.22876
117.337425
117.441826
117.54213
117.638504
117.7311
117.82007
117.90555
117.98767
118.066574
118.14239
118.215225
118.28521
118.35245
118.417046
118.47911
118.53874
118.59604
118.65109
118.70399
118.75481
118.803635
118.85055
118.89562
118.93893
118.98053
119.0205
114.35364
109.86977
105.561714
101.42258
97.44574
93.62484
89.95376
86.42662
83.03778
79.78182
76.653534
73.6479
70.760124
67.98558
65.319824
62.7586
60.2978
57.933487
55.661884
53.47935
51.382397
49.367664
47.43193
45.572098
43.78519
42.068348
40.418823
38.833977
37.311275
35.848278
34.442646
33.09213
31.794567
30.547884
29.350084
28.199251
27.093542
26.031189
25.010492
24.029818
23.087595
22.182318
21.312536
20.47686
19.67395
18.902523
18.161345
17.449228
16.765034
16.107668
15.476077
14.869251
14.28622
13.726048
13.187842
12.67074
12.173913
11.696567
11.237938
10.797292
10.373924
9.967156
9.576339
9.200845
8.840075
