39.299076
42.145172
44.475357
46.383152
47.94512
49.223953
50.270973
51.1282
51.83004
52.404655
52.87511
53.26029
53.575645
53.833836
54.045227
51.49926
49.4148
47.708187
46.31093
45.16695
44.230343
43.463512
42.835686
42.321663
41.900818
41.55626
41.27416
41.043194
40.854095
43.418312
45.517715
47.23656
48.643833
49.79601
50.739334
51.51166
52.14399
52.661697
53.08556
53.43259
53.716713
53.949333
54.139786
51.57668
49.478184
47.760082
46.353416
45.201736
44.258823
43.486828
42.854774
42.33729
41.913612
41.566734
41.282734
41.050213
40.85984
43.423016
45.52157
47.239716
48.646416
49.798126
50.741066
51.51308
52.145153
52.662647
53.086338
53.433228
53.717236
53.94976
54.140137
51.576965
49.478416
47.76027
46.353573
45.201866
44.258926
43.486916
42.854843
42.33735
41.91366
41.566772
41.282764
41.05024
40.859863
43.423035
45.521584
47.23973
48.646427
49.798134
50.741074
51.513084
52.145157
52.66265
53.08634
53.433228
53.717236
53.94976
54.140137
51.576965
49.478416
47.76027
46.353573
45.201866
44.258926
43.486916
42.854843
42.33735
41.91366
41.566772
41.282764
41.05024
40.859863
43.423035
45.521584
47.23973
48.646427
49.798134
50.741074
51.513084
52.145157
52.66265
53.08634
53.433228
53.717236
53.94976
54.140137
51.576965
49.478416
47.76027
46.353573
45.201866
44.258926
43.486916
42.854843
42.33735
41.91366
41.566772
41.282764
41.05024
40.859863
43.423035
45.521584
47.23973
48.646427
49.798134
50.741074
51.513084
52.145157
52.66265
53.08634
53.433228
53.717236
53.94976
54.140137
51.576965
49.478416
47.76027
46.353573
45.201866
44.258926
43.486916
42.854843
42.33735
41.91366
41.566772
41.282764
41.05024
40.859863
43.423035
45.521584
47.23973
48.646427
49.798134
50.741074
51.513084
52.145157
52.66265
53.08634
53.433228
53.717236
53.94976
54.140137
51.576965
49.478416
47.76027
46.353573
45.201866
44.258926
43.486916
42.854843
42.33735
41.91366
41.566772
41.282764
41.05024
40.859863
43.423035
45.521584
47.23973
48.646427
49.798134
50.741074
51.513084
52.145157
52.66265
53.08634
53.433228
53.717236
53.94976
54.140137
51.576965
49.478416
47.76027
46.353573
45.201866
44.258926
43.486916
42.854843
42.33735
41.91366
41.566772
41.282764
41.05024
40.859863
43.423035
45.521584
47.23973
48.646427
49.798134
50.741074
51.513084
52.145157
52.66265
53.08634
53.433228
53.717236
53.94976
54.140137
51.576965
49.478416
47.76027
46.353573
45.201866
44.258926
43.486916
42.854843
42.33735
41.91366
41.566772
41.282764
41.05024
40.859863
43.423035
45.521584
47.23973
48.646427
49.798134
50.741074
51.513084
52.145157
52.66265
53.08634
53.433228
53.717236
53.94976
54.140137
51.576965
49.478416
47.76027
46.353573
45.201866
44.258926
43.486916
42.854843
42.33735
41.91366
41.566772
41.282764
41.05024
40.859863
43.423035
45.521584
47.23973
48.646427
49.798134
50.741074
51.513084
52.145157
52.66265
53.08634
53.433228
53.717236
53.94976
54.140137
51.576965
49.478416
47.76027
46.353573
45.201866
44.258926
43.486916
42.854843
42.33735
41.91366
41.566772
41.282764
41.05024
40.859863
43.423035
45.521584
47.23973
48.646427
49.798134
50.741074
51.513084
52.145157
52.66265
53.08634
53.433228
53.717236
53.94976
54.140137
51.576965
49.478416
47.76027
46.353573
45.201866
44.258926
43.486916
42.854843
42.33735
41.91366
41.566772
41.282764
41.05024
40.859863
43.423035
45.521584
47.23973
48.646427
49.798134
50.741074
51.513084
52.145157
52.66265
53.08634
53.433228
53.717236
53.94976
54.140137
51.576965
49.478416
47.76027
46.353573
45.201866
44.258926
43.486916
42.854843
42.33735
41.91366
41.566772
41.282764
41.05024
40.859863
43.423035
45.521584
47.23973
48.646427
49.798134
50.741074
51.513084
52.145157
52.66265
53.08634
53.433228
53.717236
53.94976
54.140137
51.576965
49.478416
47.76027
46.353573
45.201866
44.258926
43.486916
42.854843
42.33735
41.91366
41.566772
41.282764
41.05024
40.859863
43.423035
45.521584
47.23973
48.646427
49.798134
50.741074
51.513084
52.145157
52.66265
53.08634
53.433228
53.717236
53.94976
54.140137
51.576965
49.478416
47.76027
46.353573
45.201866
44.258926
43.486916
42.854843
42.33735
41.91366
41.566772
41.282764
41.05024
40.859863
43.423035
45.521584
47.23973
48.646427
49.798134
50.741074
51.513084
52.145157
52.66265
53.08634
53.433228
53.717236
53.94976
54.140137
51.576965
49.478416
47.76027
46.353573
45.201866
44.258926
43.486916
42.854843
42.33735
41.91366
41.566772
41.282764
41.05024
40.859863
43.423035
45.521584
47.23973
48.646427
49.798134
50.741074
51.513084
52.145157
52.66265
53.08634
53.433228
53.717236
53.94976
54.140137
51.576965
49.478416
47.76027
46.353573
45.201866
44.258926
43.486916
42.854843
42.33735
41.91366
41.566772
41.282764
41.05024
40.859863
43.423035
45.521584
47.23973
48.646427
49.798134
50.741074
51.513084
52.145157
52.66265
53.08634
53.433228
53.717236
53.94976
54.140137
51.576965
49.478416
47.76027
46.353573
45.201866
44.258926
43.486916
42.854843
42.33735
